"x","y","z"
20,3,0
25,3,0
30,3,0
35,3,0
40,3,0
45,3,0
50,3,0
55,3,0
60,3,0
65,3,0
70,3,0
75,3,0
80,3,0
85,3,0
90,3,0
95,3,0
100,3,42
105,3,38.71
110,3,35.42
115,3,30.7
120,3,22.19
125,3,18.56
130,3,16.5
135,3,11.67
140,3,7.12
145,3,3.45
150,3,1.19
155,3,0.27
160,3,0.07
165,3,0.02
170,3,0.01
175,3,0.01
180,3,0.01
185,3,0.01
190,3,2.12599567099567
195,3,4.24199134199134
200,3,6.35798701298701
205,3,8.47398268398268
210,3,10.5899783549784
215,3,12.705974025974
20,4,14.8219696969697
25,4,16.9379653679654
30,4,19.053961038961
35,4,21.1699567099567
40,4,23.2859523809524
45,4,25.4019480519481
50,4,27.5179437229437
55,4,29.6339393939394
60,4,31.7499350649351
65,4,33.8659307359307
70,4,35.9819264069264
75,4,38.0979220779221
80,4,40.2139177489177
85,4,42.3299134199134
90,4,44.4459090909091
95,4,46.5619047619048
100,4,42.1414285714286
105,4,38.8914285714286
110,4,35.4778571428571
115,4,30.1722857142857
120,4,22.4028571428571
125,4,18.5228571428571
130,4,16.1
135,4,11.33
140,4,7.11
145,4,3.48571428571429
150,4,1.21857142857143
155,4,0.291428571428571
160,4,0.08
165,4,0.0257142857142857
170,4,0.0171428571428572
175,4,0.01
180,4,0.01
185,4,0.01
190,4,2.44399092970521
195,4,4.87798185941043
200,4,7.31197278911564
205,4,9.74596371882086
210,4,12.1799546485261
215,4,14.6139455782313
20,5,17.0479365079365
25,5,19.4819274376417
30,5,21.9159183673469
35,5,24.3499092970522
40,5,26.7839002267574
45,5,29.2178911564626
50,5,31.6518820861678
55,5,34.085873015873
60,5,36.5198639455782
65,5,38.9538548752834
70,5,41.3878458049887
75,5,43.8218367346939
80,5,46.2558276643991
85,5,48.6898185941043
90,5,51.1238095238095
95,5,46.7392857142857
100,5,42.2828571428571
105,5,39.0728571428571
110,5,35.5357142857143
115,5,29.6445714285714
120,5,22.6157142857143
125,5,18.4857142857143
130,5,15.7
135,5,10.99
140,5,7.1
145,5,3.52142857142857
150,5,1.24714285714286
155,5,0.312857142857143
160,5,0.09
165,5,0.0314285714285714
170,5,0.0242857142857143
175,5,0.01
180,5,0.01
185,5,0.01
190,5,2.79378571428571
195,5,5.57757142857143
200,5,8.36135714285714
205,5,11.1451428571429
210,5,13.9289285714286
215,5,16.7127142857143
20,6,19.4965
25,6,22.2802857142857
30,6,25.0640714285714
35,6,27.8478571428571
40,6,30.6316428571429
45,6,33.4154285714286
50,6,36.1992142857143
55,6,38.983
60,6,41.7667857142857
65,6,44.5505714285714
70,6,47.3343571428571
75,6,50.1181428571428
80,6,52.9019285714286
85,6,55.6857142857143
90,6,50.9764285714286
95,6,47.2414285714286
100,6,42.4242857142857
105,6,39.2542857142857
110,6,35.5935714285714
115,6,29.1168571428571
120,6,22.8285714285714
125,6,18.4485714285714
130,6,15.3
135,6,10.65
140,6,7.09
145,6,3.55714285714286
150,6,1.27571428571429
155,6,0.334285714285714
160,6,0.1
165,6,0.0371428571428571
170,6,0.0276190476190476
175,6,0.01
180,6,0.01
185,6,0.01
190,6,0.01
195,6,3.35653439153439
200,6,6.70306878306878
205,6,10.0496031746032
210,6,13.3961375661376
215,6,16.742671957672
20,7,20.0892063492063
25,7,23.4357407407407
30,7,26.7822751322751
35,7,30.1288095238095
40,7,33.4753439153439
45,7,36.8218783068783
50,7,40.1684126984127
55,7,43.5149470899471
60,7,46.8614814814815
65,7,50.2080158730159
70,7,53.5545502645503
75,7,56.9010846560846
80,7,60.247619047619
85,7,55.1761904761905
90,7,51.4785714285714
95,7,47.6671428571429
100,7,42.5657142857143
105,7,39.4357142857143
110,7,35.6514285714286
115,7,28.6542063492064
120,7,23.0414285714286
125,7,18.4114285714286
130,7,14.9
135,7,10.31
140,7,7.08
145,7,3.59285714285714
150,7,1.30428571428571
155,7,0.355714285714286
160,7,0.11
165,7,0.0428571428571429
170,7,0.029047619047619
175,7,0.01
180,7,0.01
185,7,0.01
190,7,0.01
195,7,3.82173669467787
200,7,7.63347338935574
205,7,11.4452100840336
210,7,15.2569467787115
215,7,19.0686834733894
20,8,22.8804201680672
25,8,26.6921568627451
30,8,30.503893557423
35,8,34.3156302521008
40,8,38.1273669467787
45,8,41.9391036414566
50,8,45.7508403361344
55,8,49.5625770308123
60,8,53.3743137254902
65,8,57.186050420168
70,8,60.9977871148459
75,8,64.8095238095238
80,8,59.3385714285714
85,8,55.7157142857143
90,8,51.9807142857143
95,8,47.8385714285714
100,8,42.7071428571429
105,8,39.6171428571429
110,8,35.7092857142857
115,8,28.7120634920635
120,8,23.2542857142857
125,8,18.3742857142857
130,8,14.5
135,8,9.97
140,8,7.07
145,8,3.62857142857143
150,8,1.33285714285714
155,8,0.377142857142857
160,8,0.12
165,8,0.0485714285714286
170,8,0.0304761904761905
175,8,0.01
180,8,0.01
185,8,0.01
190,8,0.01
195,8,0.01
200,8,4.63409523809524
205,8,9.25819047619047
210,8,13.8822857142857
215,8,18.506380952381
20,9,23.1304761904762
25,9,27.7545714285714
30,9,32.3786666666667
35,9,37.0027619047619
40,9,41.6268571428571
45,9,46.2509523809524
50,9,50.8750476190476
55,9,55.4991428571429
60,9,60.1232380952381
65,9,64.7473333333333
70,9,69.3714285714286
75,9,63.5009523809524
80,9,59.9528571428571
85,9,56.2178571428571
90,9,52.4828571428571
95,9,47.6542857142857
100,9,42.8485714285714
105,9,39.7985714285714
110,9,35.7671428571429
115,9,28.7699206349206
120,9,23.4671428571429
125,9,18.3371428571429
130,9,14.1
135,9,9.63
140,9,7.06
145,9,3.66428571428571
150,9,1.36142857142857
155,9,0.398571428571429
160,9,0.13
165,9,0.0542857142857143
170,9,0.0319047619047619
175,9,0.01
180,9,0.01
185,9,0.01
190,9,0.01
195,9,0.01
200,9,6.39384615384615
205,9,12.7776923076923
210,9,19.1615384615385
215,9,25.5453846153846
20,10,31.9292307692308
25,10,38.3130769230769
30,10,44.6969230769231
35,10,51.0807692307692
40,10,57.4646153846154
45,10,63.8484615384615
50,10,70.2323076923077
55,10,76.6161538461538
60,10,83
65,10,73.9333333333333
70,10,67.6633333333334
75,10,64.19
80,10,60.455
85,10,56.72
90,10,52.985
95,10,47.47
100,10,42.99
105,10,39.98
110,10,35.825
115,10,28.8277777777778
120,10,23.68
125,10,18.3
130,10,13.7
135,10,9.29
140,10,7.05
145,10,3.7
150,10,1.39
155,10,0.42
160,10,0.14
165,10,0.06
170,10,0.0333333333333333
175,10,0.01
180,10,0.01
185,10,0.01
190,10,0.01
195,10,0.01
200,10,0.01
205,10,7.96926406926407
210,10,15.9285281385281
215,10,23.8877922077922
20,11,31.8470562770563
25,11,39.8063203463203
30,11,47.7655844155844
35,11,55.7248484848485
40,11,63.6841125541125
45,11,71.6433766233766
50,11,79.6026406926407
55,11,87.5619047619047
60,11,78.4952380952381
65,11,71.8257142857143
70,11,68.352380952381
75,11,64.6921428571429
80,11,60.9571428571429
85,11,57.2221428571429
90,11,53.3342857142857
95,11,47.5157142857143
100,11,43.1314285714286
105,11,40.1614285714286
110,11,35.8828571428571
115,11,28.8856349206349
120,11,24.07
125,11,18.7714285714286
130,11,14.1214285714286
135,11,9.64
140,11,7.1
145,11,3.71428571428571
150,11,1.41714285714286
155,11,0.44
160,11,0.148571428571429
165,11,0.0628571428571429
170,11,0.0347619047619048
175,11,0.01
180,11,0.01
185,11,0.01
190,11,0.01
195,11,0.01
200,11,0.01
205,11,9.22138095238095
210,11,18.4327619047619
215,11,27.6441428571429
20,12,36.8555238095238
25,12,46.0669047619048
30,12,55.2782857142857
35,12,64.4896666666667
40,12,73.7010476190476
45,12,82.9124285714286
50,12,92.1238095238095
55,12,83.0571428571428
60,12,75.9880952380952
65,12,72.5147619047619
70,12,68.9292857142857
75,12,65.1942857142857
80,12,61.4592857142857
85,12,57.7242857142857
90,12,53.6835714285714
95,12,47.5614285714286
100,12,43.2728571428571
105,12,40.3428571428571
110,12,35.9407142857143
115,12,28.9434920634921
120,12,24.46
125,12,19.2428571428571
130,12,14.5428571428571
135,12,9.99
140,12,7.15
145,12,3.72857142857143
150,12,1.44428571428571
155,12,0.46
160,12,0.157142857142857
165,12,0.0657142857142857
170,12,0.0361904761904762
175,12,0.01
180,12,0.01
185,12,0.01
190,12,0.01
195,12,0.01
200,12,0.01
205,12,10.751746031746
210,12,21.4934920634921
215,12,32.2352380952381
20,13,42.9769841269841
25,13,53.7187301587301
30,13,64.4604761904762
35,13,75.2022222222222
40,13,85.9439682539682
45,13,96.6857142857143
50,13,87.6190476190476
55,13,80.1504761904762
60,13,76.6771428571429
65,13,73.1664285714286
70,13,69.4314285714286
75,13,65.6964285714286
80,13,61.9614285714286
85,13,58.2264285714286
90,13,53.6771428571429
95,13,47.6071428571429
100,13,43.4142857142857
105,13,40.5242857142857
110,13,35.9985714285714
115,13,29.0013492063492
120,13,24.85
125,13,19.7142857142857
130,13,14.9642857142857
135,13,10.34
140,13,7.2
145,13,3.74285714285714
150,13,1.47142857142857
155,13,0.48
160,13,0.165714285714286
165,13,0.0685714285714286
170,13,0.0376190476190476
175,13,0.01
180,13,0.01
185,13,0.01
190,13,0.01
195,13,0.01
200,13,0.01
205,13,0.01
210,13,14.4725170068027
215,13,28.9350340136054
20,14,43.3975510204081
25,14,57.8600680272108
30,14,72.3225850340136
35,14,86.7851020408163
40,14,101.247619047619
45,14,92.1809523809523
50,14,84.3128571428572
55,14,80.8395238095238
60,14,77.3661904761905
65,14,73.6685714285714
70,14,69.9335714285714
75,14,66.1985714285714
80,14,62.4635714285714
85,14,58.6521428571428
90,14,53.4928571428571
95,14,47.6528571428571
100,14,43.5557142857143
105,14,40.7057142857143
110,14,36.0564285714286
115,14,29.406
120,14,25.24
125,14,20.1857142857143
130,14,15.3857142857143
135,14,10.69
140,14,7.25
145,14,3.75714285714286
150,14,1.49857142857143
155,14,0.5
160,14,0.174285714285714
165,14,0.0714285714285714
170,14,0.039047619047619
175,14,0.01
180,14,0.01
185,14,0.01
190,14,0.01
195,14,0.01
200,14,0.01
205,14,0.01
210,14,17.643253968254
215,14,35.2765079365079
20,15,52.9097619047619
25,15,70.5430158730158
30,15,88.1762698412698
35,15,105.809523809524
40,15,96.7428571428571
45,15,88.4752380952381
50,15,85.0019047619048
55,15,81.5285714285715
60,15,77.9057142857143
65,15,74.1707142857143
70,15,70.4357142857143
75,15,66.7007142857143
80,15,62.9657142857143
85,15,59.0014285714286
90,15,53.3085714285714
95,15,47.6985714285714
100,15,43.6971428571429
105,15,40.8871428571429
110,15,36.1142857142857
115,15,29.854
120,15,25.63
125,15,20.6571428571429
130,15,15.8071428571429
135,15,11.04
140,15,7.3
145,15,3.77142857142857
150,15,1.52571428571429
155,15,0.52
160,15,0.182857142857143
165,15,0.0742857142857143
170,15,0.0414285714285714
175,15,0.01
180,15,0.01
185,15,0.01
190,15,0.01
195,15,0.01
200,15,0.01
205,15,0.01
210,15,0.01
215,15,27.6003571428571
20,16,55.1907142857143
25,16,82.7810714285715
30,16,110.371428571429
35,16,101.304761904762
40,16,92.6376190476191
45,16,89.1642857142857
50,16,85.6909523809524
55,16,82.1428571428571
60,16,78.4078571428571
65,16,74.6728571428571
70,16,70.9378571428571
75,16,67.2028571428571
80,16,63.4678571428571
85,16,59.3507142857143
90,16,53.1242857142857
95,16,47.7442857142857
100,16,43.8385714285714
105,16,41.0685714285714
110,16,36.1721428571429
115,16,30.302
120,16,26.02
125,16,21.1285714285714
130,16,16.2285714285714
135,16,11.39
140,16,7.35
145,16,3.78571428571429
150,16,1.55285714285714
155,16,0.54
160,16,0.191428571428571
165,16,0.0771428571428571
170,16,0.0457142857142857
175,16,0.01
180,16,0.01
185,16,0.01
190,16,0.01
195,16,0.01
200,16,0.01
205,16,0.01
210,16,0.01
215,16,62.005
20,17,124
25,17,114.933333333333
30,17,105.866666666667
35,17,96.8
40,17,93.3266666666667
45,17,89.8533333333333
50,17,86.38
55,17,82.645
60,17,78.91
65,17,75.175
70,17,71.44
75,17,67.705
80,17,63.97
85,17,59.7
90,17,52.94
95,17,47.79
100,17,43.98
105,17,41.25
110,17,36.23
115,17,30.75
120,17,26.41
125,17,21.6
130,17,16.65
135,17,11.74
140,17,7.4
145,17,3.8
150,17,1.58
155,17,0.56
160,17,0.2
165,17,0.08
170,17,0.05
175,17,0.01
180,17,0.01
185,17,0.01
190,17,0.01
195,17,0.01
200,17,0.01
205,17,0.01
210,17,0.01
215,17,0.01
20,18,26.6134523809524
25,18,53.2169047619048
30,18,79.8203571428571
35,18,106.42380952381
40,18,97.3571428571429
45,18,89.0895238095238
50,18,85.6161904761905
55,18,82.1428571428571
60,18,78.52
65,18,74.785
70,18,71.05
75,18,67.315
80,18,63.58
85,18,59.6157142857143
90,18,53.9228571428571
95,18,48.3128571428571
100,18,44.3114285714286
105,18,40.95
110,18,35.6257142857143
115,18,30.28
120,18,25.9114285714286
125,18,21.5542857142857
130,18,16.2557142857143
135,18,11.5028571428571
140,18,7.35714285714286
145,18,3.82857142857143
150,18,1.6
155,18,0.574285714285714
160,18,0.202857142857143
165,18,0.0785714285714286
170,18,0.0457142857142857
175,18,0.0114285714285714
180,18,0.0114285714285714
185,18,0.0114285714285714
190,18,0.0114285714285714
195,18,0.0114285714285714
200,18,0.0114285714285714
205,18,0.0114285714285714
210,18,12.2492857142857
215,18,24.4871428571429
20,19,36.725
25,19,48.9628571428571
30,19,61.2007142857143
35,19,73.4385714285714
40,19,85.6764285714286
45,19,97.9142857142857
50,19,88.847619047619
55,19,81.3790476190476
60,19,77.9057142857143
65,19,74.395
70,19,70.66
75,19,66.925
80,19,63.19
85,19,59.455
90,19,54.9057142857143
95,19,48.8357142857143
100,19,44.6428571428571
105,19,40.65
110,19,35.0214285714286
115,19,29.81
120,19,25.4128571428571
125,19,21.5085714285714
130,19,15.8614285714286
135,19,11.2657142857143
140,19,7.31428571428571
145,19,3.85714285714286
150,19,1.62
155,19,0.588571428571429
160,19,0.205714285714286
165,19,0.0771428571428572
170,19,0.0414285714285714
175,19,0.0128571428571429
180,19,0.0128571428571429
185,19,0.0128571428571429
190,19,0.0128571428571429
195,19,0.0128571428571429
200,19,0.0128571428571429
205,19,8.13939393939394
210,19,16.2659307359307
215,19,24.3924675324675
20,20,32.5190043290043
25,20,40.6455411255411
30,20,48.7720779220779
35,20,56.8986147186147
40,20,65.0251515151515
45,20,73.1516883116883
50,20,81.2782251082251
55,20,89.4047619047619
60,20,80.3380952380952
65,20,73.6685714285714
70,20,70.1952380952381
75,20,66.535
80,20,62.8
85,20,59.065
90,20,55.1771428571429
95,20,49.3585714285714
100,20,44.9742857142857
105,20,40.35
110,20,34.4171428571429
115,20,29.34
120,20,24.9142857142857
125,20,21.4628571428571
130,20,15.4671428571429
135,20,11.0285714285714
140,20,7.27142857142857
145,20,3.88571428571429
150,20,1.64
155,20,0.602857142857143
160,20,0.208571428571429
165,20,0.0757142857142857
170,20,0.0371428571428571
175,20,0.0142857142857143
180,20,0.0142857142857143
185,20,0.0142857142857143
190,20,0.0142857142857143
195,20,0.0142857142857143
200,20,0
205,20,0
210,20,0
215,20,0
